s;convergence_time
1;1967.0
1;3608.0
1;1459.0
1;1424.0
1;1204.0
1;1238.0
1;4003.0
1;2267.0
1;3030.0
1;
1;2057.0
1;3950.0
1;1687.0
1;1121.0
1;1476.0
1;2477.0
1;966.0
1;2758.0
1;1456.0
1;1754.0
1;1296.0
1;2048.0
1;1983.0
1;1116.0
1;1291.0
1;1244.0
1;1435.0
1;1998.0
1;1761.0
1;1729.0
1;988.0
1;2430.0
1;1125.0
1;2075.0
1;972.0
1;1739.0
1;1154.0
1;1207.0
1;1635.0
1;1353.0
1;2389.0
1;1292.0
1;1176.0
1;4788.0
1;810.0
1;1585.0
1;1281.0
1;1385.0
1;823.0
1;1747.0
1;1549.0
1;2061.0
1;1621.0
1;1669.0
1;858.0
1;2071.0
1;1938.0
1;1847.0
1;1813.0
1;1833.0
1;
1;3071.0
1;1603.0
1;2071.0
1;
1;3057.0
1;2041.0
1;2207.0
1;1892.0
1;1540.0
1;1744.0
1;1846.0
1;2694.0
1;990.0
1;1775.0
1;893.0
1;1273.0
1;2048.0
1;1095.0
1;1380.0
1;1113.0
1;2524.0
1;1784.0
1;886.0
1;3171.0
1;1456.0
1;2297.0
1;1465.0
1;2280.0
1;
1;2345.0
1;1123.0
1;1876.0
1;934.0
1;798.0
1;797.0
1;1538.0
1;2184.0
1;1571.0
1;1784.0
5;88.0
5;708.0
5;387.0
5;425.0
5;526.0
5;278.0
5;186.0
5;199.0
5;198.0
5;
5;287.0
5;512.0
5;319.0
5;106.0
5;644.0
5;526.0
5;279.0
5;189.0
5;222.0
5;398.0
5;205.0
5;209.0
5;302.0
5;266.0
5;293.0
5;261.0
5;335.0
5;214.0
5;211.0
5;214.0
5;796.0
5;507.0
5;210.0
5;446.0
5;708.0
5;206.0
5;732.0
5;225.0
5;398.0
5;402.0
5;187.0
5;328.0
5;481.0
5;
5;163.0
5;267.0
5;222.0
5;137.0
5;273.0
5;337.0
5;261.0
5;183.0
5;417.0
5;524.0
5;643.0
5;343.0
5;187.0
5;300.0
5;300.0
5;138.0
5;545.0
5;329.0
5;160.0
5;405.0
5;
5;
5;187.0
5;400.0
5;395.0
5;195.0
5;58.0
5;223.0
5;
5;450.0
5;273.0
5;86.0
5;133.0
5;461.0
5;382.0
5;356.0
5;222.0
5;536.0
5;319.0
5;408.0
5;343.0
5;514.0
5;302.0
5;227.0
5;159.0
5;226.0
5;292.0
5;256.0
5;138.0
5;98.0
5;112.0
5;202.0
5;545.0
5;334.0
5;613.0
5;455.0
