k;convergence_time
0;
0;6172.0
0;3042.0
0;
0;4200.0
0;6491.0
0;
0;8525.0
0;3840.0
0;7450.0
0;
0;8311.0
0;7866.0
0;
0;
0;
0;
0;5072.0
0;
0;7410.0
0;
0;
0;3714.0
0;
0;8894.0
0;
0;
0;
0;
0;
0;
0;3992.0
0;4672.0
0;
0;
0;
0;4871.0
0;
0;6258.0
0;
0;9870.0
0;7973.0
0;
0;7844.0
0;8458.0
0;
0;4138.0
0;
0;
0;
0;6993.0
0;
0;9126.0
0;
0;
0;6820.0
0;
0;
0;
0;4652.0
0;5724.0
0;
0;
0;8752.0
0;
0;
0;
0;5363.0
0;
0;
0;5328.0
0;8590.0
0;4404.0
0;
0;
0;
0;8076.0
0;5802.0
0;
0;6359.0
0;4178.0
0;
0;
0;
0;8209.0
0;
0;8662.0
0;
0;
0;
0;4693.0
0;
0;6703.0
0;
0;
0;
0;
0;
0;
0;
1;9737.0
1;
1;7075.0
1;9914.0
1;
1;
1;
1;6704.0
1;
1;
1;
1;4213.0
1;4175.0
1;
1;
1;
1;6621.0
1;5896.0
1;4303.0
1;
1;
1;4085.0
1;8354.0
1;
1;5558.0
1;
1;
1;4285.0
1;6693.0
1;
1;
1;7104.0
1;
1;3949.0
1;
1;
1;8570.0
1;
1;
1;
1;
1;6884.0
1;
1;4817.0
1;
1;
1;
1;
1;9873.0
1;
1;
1;
1;
1;4960.0
1;
1;
1;6971.0
1;
1;6973.0
1;
1;9672.0
1;6844.0
1;
1;
1;
1;9342.0
1;
1;
1;
1;
1;
1;
1;5406.0
1;9706.0
1;
1;
1;6565.0
1;7598.0
1;
1;3583.0
1;
1;8507.0
1;9780.0
1;
1;9827.0
1;
1;
1;3699.0
1;
1;9703.0
1;7976.0
1;4445.0
1;
1;
1;
1;
1;
1;
1;
1;
